[gd_scene format=3 uid="uid://c4v0peqkg130j"]

[ext_resource type="Script" uid="uid://0yhi8snlp42x" path="res://Goal/Goal.gd" id="1_prjlw"]
[ext_resource type="Material" uid="uid://coloj8yj2pmu0" path="res://Goal/Nest.tres" id="2_kaxx0"]

[sub_resource type="BoxShape3D" id="BoxShape3D_prjlw"]

[sub_resource type="BoxMesh" id="BoxMesh_6aewd"]
material = ExtResource("2_kaxx0")
size = Vector3(1, 0.2, 1)

[sub_resource type="BoxMesh" id="BoxMesh_0wg2r"]
size = Vector3(1, 0.2, 0.3)

[sub_resource type="BoxMesh" id="BoxMesh_13h8f"]

[sub_resource type="StandardMaterial3D" id="StandardMaterial3D_nv08f"]
albedo_color = Color(0.8257022, 0.22321922, 1.92523e-07, 1)

[sub_resource type="StandardMaterial3D" id="StandardMaterial3D_kahpe"]
albedo_color = Color(0.91866046, 0.705592, 3.85046e-07, 1)

[node name="Goal" type="Area3D" unique_id=1166665767]
script = ExtResource("1_prjlw")

[node name="CollisionShape3D" type="CollisionShape3D" parent="." unique_id=1745735277]
shape = SubResource("BoxShape3D_prjlw")

[node name="Mesh" type="MeshInstance3D" parent="." unique_id=1409772960]
transform = Transform3D(1, 0, 0, 0, 1, 0, 0, 0, 1, 0, 0.09452474, 0)
mesh = SubResource("BoxMesh_6aewd")
skeleton = NodePath("../..")

[node name="Mesh2" type="MeshInstance3D" parent="Mesh" unique_id=974682693]
transform = Transform3D(1, 0, 0, 0, 0.25881907, 0.9659258, 0, -0.9659258, 0.25881907, 0, 0.14399755, 0.4415999)
material_override = ExtResource("2_kaxx0")
mesh = SubResource("BoxMesh_0wg2r")
skeleton = NodePath("../../..")

[node name="Mesh3" type="MeshInstance3D" parent="Mesh" unique_id=1298668789]
transform = Transform3D(-1, -8.444392e-08, 2.2626683e-08, 0, 0.25881907, 0.9659258, -8.742278e-08, 0.9659258, -0.25881907, 0, 0.144, -0.442)
material_override = ExtResource("2_kaxx0")
mesh = SubResource("BoxMesh_0wg2r")
skeleton = NodePath("../../..")

[node name="Mesh4" type="MeshInstance3D" parent="Mesh" unique_id=2107687150]
transform = Transform3D(-4.371139e-08, 0.9659258, -0.25881907, -1.7763567e-15, 0.25881907, 0.9659258, 1, 4.222196e-08, -1.131334e-08, -0.442, 0.144, 0)
material_override = ExtResource("2_kaxx0")
mesh = SubResource("BoxMesh_0wg2r")
skeleton = NodePath("../../..")

[node name="Mesh5" type="MeshInstance3D" parent="Mesh" unique_id=1761006986]
transform = Transform3D(1.3113416e-07, -0.9659258, 0.25881907, -2.6645353e-15, 0.25881907, 0.9659258, -1, -1.2666588e-07, 3.394002e-08, 0.442, 0.144, 0)
material_override = ExtResource("2_kaxx0")
mesh = SubResource("BoxMesh_0wg2r")
skeleton = NodePath("../../..")

[node name="Chicken" type="Node3D" parent="." unique_id=798128707]
transform = Transform3D(0.3, 0, 0, 0, 0.3, 0, 0, 0, 0.3, 0, 0.40162954, -0.012)

[node name="Body" type="MeshInstance3D" parent="Chicken" unique_id=109673514]
transform = Transform3D(0.75, 0, 0, 0, 0.82197016, -0.25468633, 0, 0.21648338, 0.96702373, 0, 0.05849552, -0.001706183)
mesh = SubResource("BoxMesh_13h8f")

[node name="L_Wing" type="MeshInstance3D" parent="Chicken" unique_id=762207546]
transform = Transform3D(0.152, 0, 0, 0, 0.43516067, -0.1528118, 0, 0.11460885, 0.58021426, 0.41268885, 0.05849552, -0.001706183)
mesh = SubResource("BoxMesh_13h8f")

[node name="R_Wing" type="MeshInstance3D" parent="Chicken" unique_id=2014280007]
transform = Transform3D(0.152, 0, 0, 0, 0.43516067, -0.1528118, 0, 0.11460885, 0.58021426, -0.413, 0.058, -0.002)
mesh = SubResource("BoxMesh_13h8f")

[node name="Head" type="MeshInstance3D" parent="Chicken" unique_id=634689858]
transform = Transform3D(0.469, 0, 0, 0, 0.49, 0, 0, 0, 0.5, 0, 0.5846346, 0.6163802)
mesh = SubResource("BoxMesh_13h8f")

[node name="Comb" type="MeshInstance3D" parent="Chicken" unique_id=79218216]
transform = Transform3D(0.056654453, 0, 0, 0, 0.21482971, 0.234834, 0, -0.35580426, 0.14178951, 0, 0.80409986, 0.6098012)
material_override = SubResource("StandardMaterial3D_nv08f")
mesh = SubResource("BoxMesh_13h8f")

[node name="Beak" type="MeshInstance3D" parent="Chicken" unique_id=1755207533]
transform = Transform3D(0.3363267, 0, 0, 0, 0.10048543, -0.023683382, 0, 0.008282594, 0.28732964, 0, 0.5017354, 0.99303174)
material_override = SubResource("StandardMaterial3D_kahpe")
mesh = SubResource("BoxMesh_13h8f")

[node name="Tail1" type="MeshInstance3D" parent="Chicken" unique_id=1793737442]
transform = Transform3D(0.4, 0, 0, 0, 0.3384583, -0.10187453, 0, 0.089140214, 0.3868095, 0, 0.62391436, -0.49300855)
mesh = SubResource("BoxMesh_13h8f")

[node name="Tail2" type="MeshInstance3D" parent="Chicken" unique_id=141528864]
transform = Transform3D(0.3, 0, 0, 0, 0.24175593, -0.0764059, 0, 0.06367158, 0.29010713, 0, 0.87147737, -0.6657765)
mesh = SubResource("BoxMesh_13h8f")
